 8.00571428571429e+000    8.52127659574468e-001
 8.04285714285714e+000    8.29787234042553e-001
 8.10857142857143e+000    7.90425531914894e-001
 8.17142857142857e+000    7.53191489361702e-001
 8.25142857142857e+000    7.05319148936170e-001
 8.34285714285714e+000    6.57446808510638e-001
 8.42000000000000e+000    6.18085106382979e-001
 8.49428571428571e+000    5.79787234042553e-001
 8.59428571428571e+000    5.43617021276596e-001
 8.69428571428571e+000    5.08510638297872e-001
 8.80857142857143e+000    4.76595744680851e-001
 8.93714285714286e+000    4.50000000000000e-001
 9.07142857142857e+000    4.28723404255319e-001
 9.20000000000000e+000    4.12765957446809e-001
 9.28000000000000e+000    3.96808510638298e-001
 9.34285714285714e+000    3.72340425531915e-001
 9.40000000000000e+000    3.52127659574468e-001
 9.47714285714286e+000    3.24468085106383e-001
 9.50000000000000e+000    3.14893617021277e-001
 9.55714285714286e+000    3.08510638297872e-001
 9.60571428571429e+000    3.03191489361702e-001
 9.69428571428571e+000    2.93617021276596e-001
 9.73428571428571e+000    2.88297872340426e-001
 9.82857142857143e+000    2.81914893617021e-001
 9.87714285714286e+000    2.77659574468085e-001
 9.97142857142857e+000    2.72340425531915e-001
 1.00057142857143e+001    2.71276595744681e-001
 1.01057142857143e+001    2.81914893617021e-001
 1.01485714285714e+001    2.85106382978723e-001
 1.02428571428571e+001    2.95744680851064e-001
