 8.02000000000000e+000    6.91489361702128e-002
 8.07142857142857e+000    8.82978723404255e-002
 8.12857142857143e+000    1.07446808510638e-001
 8.18571428571429e+000    1.28723404255319e-001
 8.23428571428571e+000    1.46808510638298e-001
 8.29428571428571e+000    1.65957446808511e-001
 8.34857142857143e+000    1.84042553191489e-001
 8.40571428571429e+000    2.03191489361702e-001
 8.46571428571429e+000    2.23404255319149e-001
 8.51428571428571e+000    2.39361702127660e-001
 8.57142857142857e+000    2.58510638297872e-001
 8.62857142857143e+000    2.76595744680851e-001
 8.68571428571429e+000    2.95744680851064e-001
 8.73714285714286e+000    3.13829787234043e-001
 8.80571428571429e+000    3.27659574468085e-001
 8.87714285714286e+000    3.40425531914894e-001
 8.94285714285714e+000    3.51063829787234e-001
 9.00857142857143e+000    3.62765957446809e-001
 9.09142857142857e+000    3.72340425531915e-001
 9.15714285714286e+000    3.80851063829787e-001
 9.22857142857143e+000    3.89361702127660e-001
 9.28571428571428e+000    4.05319148936170e-001
 9.33714285714286e+000    4.26595744680851e-001
 9.38571428571429e+000    4.46808510638298e-001
 9.43714285714286e+000    4.68085106382979e-001
 9.49142857142857e+000    4.89361702127660e-001
 9.54285714285714e+000    5.08510638297872e-001
 9.60000000000000e+000    5.27659574468085e-001
 9.65142857142857e+000    5.45744680851064e-001
 9.70857142857143e+000    5.67021276595745e-001
 9.76285714285714e+000    5.85106382978723e-001
 9.82000000000000e+000    6.02127659574468e-001
 9.88000000000000e+000    6.18085106382979e-001
 9.94285714285714e+000    6.36170212765957e-001
 1.00000000000000e+001    6.52127659574468e-001
 1.00714285714286e+001    6.57446808510638e-001
 1.01485714285714e+001    6.62765957446809e-001
 1.02228571428571e+001    6.65957446808511e-001
