0.010000 231.151464 173.125751 343.801212 150.150727 461.050421
0.033026 6676.706256 5408.604555 8728.317045 4850.876181 11454.027476
0.056052 29275.982813 24523.569324 36423.854082 22213.140741 47589.557074
0.079078 76073.399767 65090.861279 92380.469466 59191.207169 120171.783614
0.102104 153665.623846 133671.959092 184299.902948 121866.910975 238863.269167
0.125130 268385.290974 235968.023004 318316.749204 215536.002792 411553.206073
0.148156 424971.243541 376824.582205 500737.650442 344347.839145 644698.487855
0.171181 628994.823440 560400.484305 737966.965712 513141.897110 945380.377973
0.194207 883902.356482 791178.417807 1031833.644035 724469.589979 1317705.361674
0.217233 1193964.515960 1072065.008443 1388976.341304 983440.941768 1774410.740512
0.240259 1561790.648902 1406752.837292 1813175.284423 1291940.554529 2310287.119841
0.263285 1991637.150091 1797323.251800 2306967.252219 1650716.164922 2928603.556893
0.286311 2485303.950420 2245783.500344 2876717.276388 2064635.238918 3641355.584816
0.309337 3047316.085279 2755085.710360 3520333.620338 2532848.050272 4449163.837302
0.332363 3679956.446831 3328190.015796 4244363.457239 3059536.602538 5350508.812151
0.355389 4381858.040311 3965698.721712 5049830.519019 3640846.083767 6340844.754117
0.378415 5157449.660174 4669665.860986 5939993.182236 4285229.222447 7441083.352215
0.401441 6009468.279094 5441239.949614 6908980.850895 4994396.723126 8620548.841410
0.424467 6936756.627322 6284939.312391 7965050.428294 5763855.311120 9904219.061983
0.447493 7942759.918405 7197199.811917 9109198.377629 6602305.445282 11300210.334551
0.470518 9025322.185762 8178833.414840 10338861.596170 7502490.604418 12782606.672962
0.493544 10188026.961085 9229990.443092 11661764.181337 8467798.917738 14378136.231855
0.516570 11427288.654341 10352712.426355 13065667.181138 9498885.733539 16073061.828274
0.539596 12748095.682752 11549203.983605 14560512.453708 10593904.829307 17874379.595235
0.562622 14154109.412829 12820151.301388 16148635.006107 11757404.213631 19760591.970099
0.585648 15640570.991561 14163829.424579 17821075.248158 12986225.861101 21747716.805057
0.608674 17205621.246172 15582369.924388 19579244.170574 14282500.901334 23847155.449679
0.631700 18854975.018387 17071667.421401 21426666.689921 15643371.042799 26013465.709722
0.654726 20581550.887778 18638210.615226 23375706.491552 17062635.111124 28260854.482962
0.677752 22397754.934330 20271925.254338 25398647.782624 18562445.495689 30616584.360269
0.700778 24287952.793779 21985456.698230 27510352.837855 20127409.913539 33078302.914628
0.723804 26264386.682009 23772715.633450 29705925.554901 21751346.341475 35671286.417608
0.746830 28315426.593229 25628603.395169 31990636.867086 23441235.185449 38287311.855857
0.769856 30443317.027941 27560500.483158 34362885.274154 25200011.004758 40962110.435134
0.792881 32658589.993204 29571900.370040 36815908.392056 27020062.067249 43771979.936222
0.815907 34942424.925540 31650963.681090 39360642.651568 28905241.469754 46635685.768410
0.838933 37314467.964548 33793108.546075 41993528.670513 30865947.457513 49560378.370834
0.861959 39767237.601009 36014723.309831 44710289.645653 32883350.027968 52579787.720484
0.884985 42297659.616762 38306076.885682 47498237.582614 34963394.632658 55723046.831516
0.908011 44894859.271363 40675714.142356 50365561.713166 37128937.950777 58896182.991356
0.931037 47564140.467777 43098189.948139 53304580.794794 39332820.300122 62169713.282689
0.954063 50320805.819243 45593928.577611 56307993.072384 41587032.017499 65492820.736441
0.977089 53136052.042547 48157838.880406 59391378.175383 43918122.222233 68823493.126608
1.000115 56043580.527524 50777757.678079 62571298.092052 46299831.796504 72267221.299291
1.023141 59007616.341390 53454245.570580 65792954.619357 48727690.416887 75735354.960697
1.046167 62054972.366224 56199618.565760 69093382.899639 51191974.474440 79289308.900760
1.069193 65171372.979634 59023985.877014 72478555.892647 53761678.563824 82892636.545672
1.092218 68342272.143429 61919215.490321 75932155.254655 56377222.700384 86576512.391290
1.092218 68342272.143429 61919215.490321 75932155.254655 56377222.700384 86576512.391290
1.262122 93717120.913241 85029276.607893 103336183.542791 77343526.579504 115738726.290349
1.432026 122249669.936957 110983957.246951 134296830.990944 100848499.641435 148015454.035624
1.601929 153282809.491780 139326465.583406 167939685.327663 126615487.431749 183313454.055105
1.771833 186221827.239857 169488391.910000 203850689.165445 153917884.381826 221784764.192339
1.941736 220776411.688522 200810034.262004 241755591.298540 182277565.356973 262441381.341277
2.111640 256664823.391793 233028158.184802 281442570.985079 211316231.251192 305530050.764516
2.281543 293326255.803101 265712034.725866 322283667.775462 240505637.737615 351147355.529431
2.451447 330590049.377666 298399903.945133 364429158.346116 268757702.341629 398091670.770554
2.621350 368155173.166980 331183444.739577 407387161.623550 296307069.164695 446446112.067892
2.791254 405797711.571116 363369390.690474 450828506.825709 323398098.030152 495325312.631577
2.961157 443620572.024653 395380649.683988 494474877.926227 349301751.380142 544872040.328903
3.131061 481204267.492735 426891140.629610 538640877.201863 374587249.054452 594910562.319946
3.300965 518342100.993211 457824399.941096 582478524.257803 398945439.996430 646129503.387113
3.470868 555188077.934559 487918028.570602 626520619.618214 422664887.483836 696993604.855732
3.640772 591489384.423652 517436817.424555 670291118.300781 445471026.729430 748192543.379977
3.810675 627239747.952269 546015885.699809 713570960.721353 468367480.202378 798182078.332065
3.980579 662545111.881747 574461204.844258 756060149.955799 490083339.508568 848976450.329537
4.150482 697052542.928506 601835327.891824 798605470.306640 511210454.859742 899499789.856207
4.320386 731058258.170228 629429880.565885 840209002.880596 531516856.092586 949825909.120446
4.490289 764458757.950777 656091939.717645 881656573.072676 551671173.843825 998587860.511162
4.660193 796843784.914088 681954713.473050 922280137.000288 571711498.735316 1047105089.662865
4.830096 828734712.617471 707069978.320376 961859732.866188 591233167.856627 1095314781.577751
5.000000 859941792.396936 731888391.504517 1000885097.203867 610112909.471399 1142364275.753951
