0.010000 162.179363 99.624224 385.113260 80.052984 1513.937498
0.033026 4493.196988 3012.908858 10827.774927 2474.327868 42549.503840
0.056052 19237.531465 13277.843768 46691.619004 11030.605078 170627.398696
0.079078 49068.086448 34360.822704 118697.855209 28810.336855 396328.739699
0.102104 97584.840754 69133.869428 234800.876846 58072.014264 706116.718273
0.125130 168052.145395 119826.998951 402060.961129 100654.878995 1115133.079895
0.148156 262674.916248 188307.436685 623407.700678 158157.215547 1602102.577482
0.171181 383158.508181 276079.563198 900942.841001 231453.274440 2161433.415323
0.194207 530871.295464 383867.701004 1235167.153097 321910.896670 2779401.318658
0.217233 707518.740134 513653.650586 1626096.653368 429914.013829 3454919.459852
0.240259 913538.086415 665213.461947 2075968.321546 556617.384231 4205077.326380
0.263285 1150033.766675 840341.009079 2581452.232159 701621.688002 4980961.079037
0.286311 1417388.138348 1038425.527431 3136150.798324 865352.482113 5794564.378630
0.309337 1717264.530086 1260249.504015 3737695.641626 1048694.056619 6689359.149827
0.332363 2047026.811831 1505907.597409 4381027.934346 1250925.591076 7560636.862654
0.355389 2410234.705535 1775496.201454 5054450.095600 1472550.441799 8444369.722658
0.378415 2802993.357424 2069343.151905 5767333.400689 1714162.615826 9418176.579003
0.401441 3226318.857684 2386865.994929 6516984.704412 1976395.994022 10399146.204545
0.424467 3675877.055242 2727476.019988 7294021.734610 2256335.476770 11399214.582769
0.447493 4156869.705300 3094128.696384 8102736.775726 2554518.246677 12403952.302866
0.470518 4667860.060315 3484325.738981 8945081.791667 2872215.554184 13441039.493251
0.493544 5208854.167681 3897629.280460 9795149.644849 3208575.305762 14475925.850882
0.516570 5778312.543983 4333534.493634 10665485.234027 3563941.758310 15526918.664488
0.539596 6371506.700007 4791023.014507 11546994.999649 3938777.441203 16505565.058937
0.562622 6992614.080850 5272718.075792 12444928.754977 4332154.467992 17596097.179738
0.585648 7643224.194770 5778126.114796 13359720.318767 4743842.290465 18657632.297710
0.608674 8322128.402754 6307358.753435 14285223.940232 5168078.513814 19711776.130827
0.631700 9029439.187707 6853390.747697 15198548.806616 5613907.516046 20757925.705911
0.654726 9760717.921447 7421736.138409 16150374.068000 6075860.485242 21856883.491276
0.677752 10507173.830439 8006209.213054 17116624.248272 6554652.197489 22914669.385061
0.700778 11273214.724386 8610540.402754 18076397.430125 7048019.037594 24047961.585439
0.723804 12069937.571757 9238113.252369 19028267.238996 7558320.507509 25170084.781046
0.746830 12879346.159039 9883801.939084 20009897.944954 8089456.786326 26297060.047324
0.769856 13718210.687276 10542910.267911 20969979.531633 8636965.147468 27432706.845153
0.792881 14562107.381843 11220103.601738 22000551.931987 9199121.084118 28572358.319650
0.815907 15431699.242926 11919385.671605 23002098.859812 9770866.470733 29645366.562571
0.838933 16318115.478413 12639080.961113 24019444.905970 10353389.651388 30769014.677567
0.861959 17216826.798160 13374116.008937 24975081.117945 10946800.870496 31936452.403068
0.884985 18146851.180494 14117946.552817 25968575.198965 11554685.167648 33076463.042517
0.908011 19082688.501168 14884767.219394 26975653.111774 12167283.686293 34183542.603881
0.931037 20032508.320357 15653529.692143 27991047.153320 12800481.996359 35300634.746144
0.954063 20974796.578192 16450237.385442 29036574.623605 13435009.901245 36482605.618139
0.977089 21938067.233588 17252930.791072 30051571.736684 14102375.487759 37657450.814632
1.000115 22919001.140418 18080793.628015 31053475.788717 14779458.878114 38772187.250191
1.023141 23911443.506820 18913387.471965 32081898.925361 15460973.794073 39895788.575309
1.046167 24919842.349733 19749472.036906 33079037.049984 16145665.171171 41007657.629756
1.069193 25916247.540246 20604202.028299 34076651.033506 16844228.971979 42094287.791688
1.092218 26925353.799580 21474018.173789 35119042.307251 17546593.748476 43216212.754350
1.092218 26925353.799580 21474018.173789 35119042.307251 17546593.748476 43216212.754350
1.262122 34559073.580067 28086672.919236 42845266.450189 22974358.431852 51412664.167345
1.432026 42359843.180906 35007216.582899 50679033.398488 28806687.108510 59820358.560097
1.601929 50038921.496632 41863557.926766 58711410.417541 34627905.450146 68414347.618848
1.771833 57701498.897481 48670029.998798 67044505.865035 40452932.951049 77039071.595536
1.941736 65296449.556643 55113336.677215 75544584.394776 45906438.662458 86241598.688562
2.111640 72617681.472674 61230796.811228 84085027.678241 51061945.745317 95944702.428512
2.281543 79743080.280664 67031618.936177 92610341.014055 55814997.170637 105996650.100139
2.451447 86563941.574814 72461795.222630 101232172.841007 60341120.555439 116357360.773802
2.621350 93261399.813491 77610809.058866 109683832.736150 64621152.645300 126892565.211104
2.791254 99765628.956490 82634943.922190 118221779.421057 68708485.072406 137326855.889891
2.961157 106018837.257990 87368601.630998 126423252.798411 72261522.220894 147838429.817415
3.131061 112028879.710915 91925151.218900 134455036.051451 75622929.196579 157795194.079865
3.300965 117841781.334675 96359214.695212 142266246.393783 78835590.529319 167665584.169177
3.470868 123442076.086449 100538335.991846 149866419.171641 81976488.807701 177649142.665345
3.640772 128918399.066843 104650189.030529 157262154.620179 85071264.454176 187507706.257117
3.810675 134045343.936293 108544012.231853 164460825.669304 87907778.485563 196986700.649812
3.980579 139115405.566245 112258263.598549 171721757.927308 90791075.184824 206498540.263083
4.150482 143934352.494711 115889921.557687 178497287.195565 93393221.436487 215457721.948950
4.320386 148621377.829083 119311771.147204 185134255.678959 95952047.036694 224037459.677739
4.490289 153176015.620238 122737275.535499 191432956.848429 98562774.561488 232845710.547822
4.660193 157572886.935474 125907970.375990 197651582.057277 101005947.849907 241322082.555215
4.830096 162008335.959461 128990567.041015 203757419.408163 103411404.989414 249504948.788024
5.000000 166293563.879829 131987249.293025 209693899.185545 105712997.140134 257332909.269247
